-36606.0
-26377.0
-21260.0
-40299.0
-27481.0
-27098.0
-28960.0
-18364.0
-25549.0
-20150.0
-35653.0
-26241.0
-19522.0
-19881.0
-17252.0
-18407.0
-26012.0
-14373.0
-16550.0
-29765.0
-20338.0
-17989.0
-19439.0
-17194.0
-12394.0
-15490.0
-12205.0
-17999.0
-13593.0
-12104.0
-17591.0
-11916.0
-11158.0
-13722.0
-14952.0
-9220.0
-11854.0
-11397.0
-9356.0
-10060.0
-13536.0
-12950.0
-12539.0
-9816.0
-8451.0
-10293.0
-9344.0
-12020.0
-9227.0
-9370.0
-10411.0
-8404.0
-12370.0
-8646.0
-10007.0
-8387.0
-9285.0
-8762.0
-7853.0
-6359.0
-9448.0
-7590.0
-5629.0
-8078.0
-7665.0
-8204.0
-8018.0
-6000.0
-7794.0
-5540.0
-7698.0
-7515.0
-5801.0
-7138.0
-5969.0
-6409.0
-6377.0
-6112.0
-5950.0
-6316.0
-6382.0
-5671.0
-5503.0
-5718.0
-6001.0
-4321.0
-5081.0
-5139.0
-5952.0
-5160.0
-5464.0
-5043.0
-5477.0
-5245.0
-5000.0
-4857.0
-4556.0
-4452.0
-4423.0
-3897.0
