9.603148148148149
7.017592592592592
6.259444444444444
10.033518518518518
7.345370370370371
7.3281481481481485
7.99537037037037
5.536481481481482
7.019259259259259
6.031481481481482
9.25537037037037
6.925925925925926
5.726851851851852
5.805740740740741
5.386851851851852
5.361111111111111
6.983888888888889
4.595370370370371
4.973703703703704
8.10925925925926
5.733518518518519
5.496111111111111
6.13037037037037
5.431481481481481
4.094444444444444
4.721666666666667
4.245925925925926
5.375555555555556
4.419814814814814
4.0542592592592595
5.375
4.092592592592593
3.8066666666666666
4.448703703703703
4.781296296296296
3.9338888888888888
4.120925925925926
3.772407407407407
3.4546296296296295
4.023333333333333
4.426481481481481
4.237962962962963
4.251481481481481
3.5253703703703705
3.256111111111111
3.727592592592593
3.525925925925926
3.995925925925926
3.450925925925926
3.43537037037037
3.645185185185185
3.2224074074074074
4.198888888888889
3.4296296296296296
4.028333333333333
3.1324074074074075
3.60462962962963
3.3135185185185185
3.151666666666667
2.932777777777778
3.8144444444444443
3.060185185185185
2.5103703703703704
3.098333333333333
3.1101851851851854
3.2001851851851852
3.2172222222222224
2.5588888888888888
3.084814814814815
2.614259259259259
3.0677777777777777
3.0116666666666667
2.6240740740740742
2.9603703703703705
2.506666666666667
2.7174074074074075
2.8325925925925928
2.6287037037037035
2.7505555555555556
2.7953703703703705
2.9987037037037036
2.413148148148148
2.477777777777778
2.6333333333333333
2.622592592592593
2.581851851851852
2.5677777777777777
2.495185185185185
2.696296296296296
2.5031481481481483
2.4566666666666666
2.4883333333333333
2.475
2.515740740740741
2.3703703703703702
2.3144444444444443
2.3385185185185184
2.3627777777777776
2.6544444444444446
2.053148148148148
