51857
37895
33801
54181
39665
39572
43175
29897
37904
32570
49979
37400
30925
31351
29089
28950
37713
24815
26858
43790
30961
29679
33104
29330
22110
25497
22928
29028
23867
21893
29025
22100
20556
24023
25819
21243
22253
20371
18655
21726
23903
22885
22958
19037
17583
20129
19040
21578
18635
18551
19684
17401
22674
18520
21753
16915
19465
17893
17019
15837
20598
16525
13556
16731
16795
17281
17373
13818
16658
14117
16566
16263
14170
15986
13536
14674
15296
14195
14853
15095
16193
13031
13380
14220
14162
13942
13866
13474
14560
13517
13266
13437
13365
13585
12800
12498
12628
12759
14334
11087
