-59617.0
-22619.0
-32197.0
-23773.0
-26163.0
-24078.0
-28818.0
-43652.0
-21329.0
-38414.0
-31634.0
-27802.0
-30874.0
-33745.0
-29014.0
-25317.0
-37055.0
-46320.0
-24913.0
-30446.0
-25474.0
-28631.0
-26412.0
-26892.0
-40909.0
-34688.0
-22982.0
-25737.0
-42006.0
-24681.0
-20560.0
-29383.0
-26396.0
-27730.0
-20268.0
-41451.0
-29432.0
-21745.0
-25442.0
-36441.0
-25024.0
-28876.0
-30049.0
-39128.0
-25384.0
-39287.0
-26829.0
-26142.0
-30349.0
-47012.0
-26406.0
-31106.0
-24831.0
-34169.0
-31817.0
-24018.0
-28915.0
-24094.0
-27678.0
-21826.0
-33228.0
-34451.0
-37338.0
-41371.0
-23515.0
-29352.0
-24681.0
-35610.0
-35186.0
-35524.0
-45873.0
-26539.0
-22530.0
-31122.0
-27041.0
-28834.0
-25798.0
-42115.0
-39443.0
-27913.0
-63317.0
-35564.0
-31553.0
-25524.0
-25650.0
-43399.0
-43396.0
-30013.0
-28185.0
-21386.0
-32000.0
-17932.0
-45575.0
-23056.0
-28963.0
-27288.0
-27434.0
-23529.0
-33653.0
-27959.0
