14.338703703703704
6.270185185185185
8.899814814814814
6.492407407407407
7.137037037037037
6.943148148148148
7.779444444444445
10.927037037037037
6.1433333333333335
10.395555555555555
8.566481481481482
7.667037037037037
8.25925925925926
8.750185185185185
7.988888888888889
7.08074074074074
9.385555555555555
11.695925925925925
6.984629629629629
8.194074074074074
6.960555555555556
7.776481481481482
8.067962962962962
7.267222222222222
10.379074074074074
9.426481481481481
6.623888888888889
7.233148148148148
10.78888888888889
6.822222222222222
5.904629629629629
8.14
7.232222222222222
7.619074074074074
5.760185185185185
11.091481481481482
8.222037037037037
6.135370370370371
7.026296296296296
10.407222222222222
6.99037037037037
7.906851851851852
7.919444444444444
9.875925925925927
7.005740740740741
10.205185185185185
7.451851851851852
6.967962962962963
8.045370370370371
11.544629629629629
7.3459259259259255
8.25851851851852
6.794814814814814
9.166666666666666
8.639259259259259
6.6718518518518515
8.901296296296296
6.985
7.855925925925926
6.2085185185185185
9.027962962962963
9.155
9.670370370370371
10.571296296296296
6.757777777777778
7.992592592592593
6.769074074074074
9.126481481481482
9.094074074074074
9.033333333333333
11.739074074074074
7.163333333333333
6.280555555555556
8.084444444444445
7.407407407407407
7.5962962962962965
6.975925925925926
10.642407407407408
10.01925925925926
7.589444444444444
15.520925925925926
9.287777777777778
8.59962962962963
7.167592592592593
7.285
11.717592592592593
11.119814814814815
8.188703703703704
7.672777777777778
6.114074074074074
8.373333333333333
5.339074074074074
11.551851851851852
6.8372222222222225
7.748333333333333
7.122962962962963
7.381296296296297
6.723518518518518
9.636666666666667
7.500925925925926
