77429
33859
48059
35059
38540
37493
42009
59006
33174
56136
46259
41402
44600
47251
43140
38236
50682
63158
37717
44248
37587
41993
43567
39243
56047
50903
35769
39059
58260
36840
31885
43956
39054
41143
31105
59894
44399
33131
37942
56199
37748
42697
42765
53330
37831
55108
40240
37627
43445
62341
39668
44596
36692
49500
46652
36028
48067
37719
42422
33526
48751
49437
52220
57085
36492
43160
36553
49283
49108
48780
63391
38682
33915
43656
40000
41020
37670
57469
54104
40983
83813
50154
46438
38705
39339
63275
60047
44219
41433
33016
45216
28831
62380
36921
41841
38464
39859
36307
52038
40505
