-35056.0
-29054.0
-22914.0
-27062.0
-45525.0
-23470.0
-19283.0
-40352.0
-29313.0
-32012.0
-29709.0
-29381.0
-23413.0
-52488.0
-19044.0
-23173.0
-24073.0
-36744.0
-35446.0
-23995.0
-29797.0
-21005.0
-38054.0
-20254.0
-28525.0
-26426.0
-29179.0
-34328.0
-25213.0
-35995.0
-26574.0
-30027.0
-32071.0
-29569.0
-24184.0
-34898.0
-24418.0
-27860.0
-30835.0
-24927.0
-31922.0
-23456.0
-27756.0
-25549.0
-22007.0
-25255.0
-33397.0
-21729.0
-32175.0
-37510.0
-23625.0
-21590.0
-30965.0
-30050.0
-38452.0
-26202.0
-40118.0
-27203.0
-43695.0
-22501.0
-27630.0
-22279.0
-28334.0
-19845.0
-24521.0
-24234.0
-24037.0
-44002.0
-40081.0
-29498.0
-31429.0
-23931.0
-24368.0
-29190.0
-26756.0
-37819.0
-32772.0
-31379.0
-25417.0
-26572.0
-22847.0
-52380.0
-27031.0
-19990.0
-33951.0
-55232.0
-34741.0
-21484.0
-22561.0
-28393.0
-23763.0
-26101.0
-39514.0
-37476.0
-20810.0
-27754.0
-38110.0
-35694.0
-25069.0
-34093.0
