9.236851851851851
7.763148148148148
6.456111111111111
7.459444444444444
11.394074074074075
6.7283333333333335
5.8442592592592595
10.17851851851852
7.642037037037037
8.608333333333333
8.032777777777778
7.937037037037037
6.461296296296296
12.602407407407407
5.783888888888889
6.571481481481482
6.612592592592593
9.661666666666667
9.422037037037038
6.9151851851851855
8.068333333333333
6.008148148148148
10.512407407407407
5.789074074074074
7.756481481481481
7.153518518518519
7.639074074074074
8.842777777777778
7.166851851851852
9.29037037037037
7.086296296296296
7.792222222222223
8.392777777777777
7.8496296296296295
6.583888888888889
10.109444444444444
7.138888888888889
7.403888888888889
7.9601851851851855
7.552407407407407
8.677407407407408
6.488333333333333
7.6557407407407405
6.897592592592592
6.2031481481481485
6.9222222222222225
8.718703703703703
6.143888888888889
8.648148148148149
9.69648148148148
6.675925925925926
6.074074074074074
8.35074074074074
8.18074074074074
10.770925925925926
7.383518518518518
11.482222222222223
7.443518518518519
11.03425925925926
6.512962962962963
8.52425925925926
6.500555555555556
7.797777777777778
5.729629629629629
6.701851851851852
6.927037037037037
6.834074074074074
10.742592592592592
10.281296296296297
8.068518518518518
8.127037037037036
6.788518518518519
6.5559259259259255
7.9712962962962965
7.052962962962963
9.518518518518519
8.580370370370371
8.470740740740741
7.187222222222222
7.172777777777778
6.527962962962963
12.928888888888888
7.300185185185185
5.777962962962963
9.029444444444444
14.798703703703703
9.81925925925926
6.157037037037037
6.536296296296296
7.648148148148148
6.666296296296296
6.9403703703703705
10.11962962962963
9.968148148148147
5.849814814814815
7.507592592592593
9.706111111111111
9.497407407407408
7.612037037037037
9.08611111111111
