49879
41921
34863
40281
61528
36333
31559
54964
41267
46485
43377
42860
34891
68053
31233
35486
35708
52173
50879
37342
43569
32444
56767
31261
41885
38629
41251
47751
38701
50168
38266
42078
45321
42388
35553
54591
38550
39981
42985
40783
46858
35037
41341
37247
33497
37380
47081
33177
46700
52361
36050
32800
45094
44176
58163
39871
62004
40195
59585
35170
46031
35103
42108
30940
36190
37406
36904
58010
55519
43570
43886
36658
35402
43045
38086
51400
46334
45742
38811
38733
35251
69816
39421
31201
48759
79913
53024
33248
35296
41300
35998
37478
54646
53828
31589
40541
52413
51286
41105
49065
