52227
31054
43677
35933
40018
31693
33343
31573
28100
37586
34188
32426
29858
29816
30212
38465
30299
28209
28005
28075
28804
22955
27102
29003
23015
23858
25187
23843
23413
23372
21966
27726
23682
22799
21119
23389
19073
18986
18277
24106
21677
19468
19384
19043
19444
21075
19901
18758
18434
18599
17672
18338
18440
18122
19968
16504
17709
18498
16961
16200
16958
16489
15194
15953
14866
17558
14183
15367
13981
15184
15816
14757
14442
15098
15298
14292
14157
12835
15104
13655
14774
13011
13065
14396
14485
14731
14430
14320
13230
12870
13940
13177
11790
13525
12875
11814
12890
12267
15347
11889
