9.671666666666667
5.750740740740741
8.088333333333333
6.654259259259259
7.41074074074074
5.869074074074074
6.17462962962963
5.846851851851852
5.203703703703703
6.96037037037037
6.331111111111111
6.004814814814814
5.529259259259259
5.521481481481482
5.594814814814815
7.1231481481481485
5.610925925925926
5.223888888888889
5.186111111111111
5.199074074074074
5.334074074074074
4.250925925925926
5.018888888888889
5.370925925925926
4.262037037037037
4.418148148148148
4.664259259259259
4.41537037037037
4.335740740740741
4.3281481481481485
4.067777777777778
5.134444444444444
4.385555555555555
4.222037037037037
3.910925925925926
4.331296296296296
3.532037037037037
3.515925925925926
3.3846296296296297
4.464074074074074
4.014259259259259
3.605185185185185
3.5896296296296297
3.5264814814814813
3.600740740740741
3.9027777777777777
3.68537037037037
3.4737037037037037
3.4137037037037037
3.444259259259259
3.2725925925925927
3.395925925925926
3.414814814814815
3.3559259259259258
3.6977777777777776
3.0562962962962965
3.2794444444444446
3.4255555555555555
3.140925925925926
3.0
3.1403703703703703
3.0535185185185183
2.8137037037037036
2.9542592592592594
2.752962962962963
3.2514814814814814
2.6264814814814814
2.845740740740741
2.589074074074074
2.811851851851852
2.928888888888889
2.7327777777777778
2.6744444444444446
2.795925925925926
2.832962962962963
2.6466666666666665
2.6216666666666666
2.376851851851852
2.797037037037037
2.528703703703704
2.735925925925926
2.4094444444444445
2.4194444444444443
2.665925925925926
2.6824074074074074
2.727962962962963
2.672222222222222
2.651851851851852
2.45
2.3833333333333333
2.5814814814814815
2.440185185185185
2.183333333333333
2.5046296296296298
2.384259259259259
2.187777777777778
2.387037037037037
2.2716666666666665
2.842037037037037
2.2016666666666667
