-37135.0
-19080.0
-30626.0
-23493.0
-26976.0
-20159.0
-21937.0
-20246.0
-16863.0
-25024.0
-22539.0
-21052.0
-18956.0
-19049.0
-17907.0
-24914.0
-20298.0
-17534.0
-17078.0
-16693.0
-18388.0
-12773.0
-14688.0
-18556.0
-13867.0
-13681.0
-15012.0
-13148.0
-12667.0
-12782.0
-11823.0
-16963.0
-13918.0
-13717.0
-10878.0
-11284.0
-9386.0
-10002.0
-9817.0
-11857.0
-11329.0
-9824.0
-9729.0
-9529.0
-10497.0
-11093.0
-10037.0
-9134.0
-8588.0
-9266.0
-8145.0
-8976.0
-9257.0
-8007.0
-8474.0
-7886.0
-7082.0
-8198.0
-7359.0
-7340.0
-6464.0
-7356.0
-6527.0
-7148.0
-6114.0
-7664.0
-5935.0
-6830.0
-5628.0
-6253.0
-6915.0
-5769.0
-5416.0
-6381.0
-6593.0
-5846.0
-5793.0
-5227.0
-5990.0
-5176.0
-5188.0
-4789.0
-4884.0
-5356.0
-5401.0
-5117.0
-5225.0
-5283.0
-4908.0
-4823.0
-5247.0
-4701.0
-4097.0
-4820.0
-4949.0
-4194.0
-4166.0
-4159.0
-4464.0
-4386.0
