46554
36184
37163
43373
38989
39229
52379
43951
30344
47065
38292
34616
52073
48651
36713
46412
40396
48925
56591
40902
38223
50485
40576
49622
36096
54006
29969
33831
36000
46692
32386
32017
38885
62558
43117
52468
39220
44372
54524
48411
42448
56520
61092
53461
48109
62473
34178
42440
31552
36640
43097
46325
38447
47470
49156
56672
70306
61838
35000
51627
53983
42667
52484
33498
48005
46916
40562
45254
46127
68550
41072
54603
42435
51923
41838
49258
36864
47078
46079
37092
54474
48382
70730
42505
39360
92514
43294
35878
38995
44217
47669
39473
46768
35087
45948
38695
44936
32064
47347
49264
