8.62111111111111
6.70074074074074
6.882037037037037
8.032037037037037
7.220185185185185
7.2646296296296295
9.699814814814815
8.139074074074074
5.619259259259259
8.71574074074074
7.091111111111111
6.41037037037037
9.643148148148148
9.009444444444444
6.798703703703704
8.594814814814814
7.480740740740741
9.060185185185185
10.479814814814814
7.5744444444444445
7.078333333333333
9.349074074074075
7.514074074074074
9.18925925925926
6.684444444444445
10.001111111111111
5.549814814814815
6.265
6.666666666666667
8.646666666666667
5.997407407407407
5.929074074074074
7.200925925925926
11.584814814814814
7.984629629629629
9.716296296296296
7.262962962962963
8.217037037037038
10.097037037037037
8.965
7.860740740740741
10.466666666666667
11.313333333333333
9.900185185185185
8.909074074074073
11.569074074074074
6.329259259259259
7.859259259259259
5.842962962962963
6.785185185185185
7.980925925925926
8.578703703703704
7.119814814814815
8.790740740740741
9.102962962962962
10.494814814814815
13.01962962962963
11.451481481481482
6.481481481481482
9.560555555555556
9.996851851851853
7.901296296296296
9.719259259259259
6.203333333333333
8.889814814814814
8.688148148148148
7.511481481481481
8.38037037037037
8.542037037037037
12.694444444444445
7.605925925925926
10.111666666666666
7.858333333333333
9.615370370370371
7.747777777777777
9.121851851851853
6.826666666666667
8.718148148148147
8.533148148148149
6.868888888888889
10.087777777777777
8.95962962962963
13.098148148148148
7.871296296296296
7.288888888888889
17.13222222222222
8.017407407407408
6.644074074074074
7.2212962962962965
8.188333333333333
8.827592592592593
7.309814814814815
8.66074074074074
6.497592592592593
8.508888888888889
7.16574074074074
8.32148148148148
5.937777777777778
8.767962962962963
9.122962962962964
