-33061.0
-23282.0
-25480.0
-29664.0
-27499.0
-26444.0
-35872.0
-31016.0
-18185.0
-32631.0
-24912.0
-22853.0
-37853.0
-33787.0
-23329.0
-31052.0
-27804.0
-34590.0
-40343.0
-27959.0
-26921.0
-34886.0
-25299.0
-33668.0
-24521.0
-40639.0
-18993.0
-21668.0
-23439.0
-33336.0
-21227.0
-20760.0
-26675.0
-45968.0
-28665.0
-34478.0
-26090.0
-31517.0
-38231.0
-32898.0
-28874.0
-40850.0
-45554.0
-37687.0
-34604.0
-44389.0
-22556.0
-30137.0
-20132.0
-25858.0
-29900.0
-32928.0
-25694.0
-35040.0
-32239.0
-42175.0
-46393.0
-43829.0
-22397.0
-36403.0
-35495.0
-29856.0
-36975.0
-22222.0
-32983.0
-33210.0
-26798.0
-32298.0
-30799.0
-50770.0
-27125.0
-40520.0
-29516.0
-36446.0
-29812.0
-34334.0
-24633.0
-32103.0
-32860.0
-24347.0
-37243.0
-34969.0
-51538.0
-28753.0
-26391.0
-68348.0
-27076.0
-23376.0
-25688.0
-30595.0
-33008.0
-26939.0
-33360.0
-22034.0
-32165.0
-27238.0
-31709.0
-20559.0
-30486.0
-34960.0
