-31547.0
-45186.0
-32516.0
-21532.0
-25071.0
-26690.0
-32169.0
-24771.0
-31697.0
-37801.0
-29710.0
-24051.0
-29881.0
-26518.0
-27688.0
-30103.0
-36724.0
-23102.0
-24296.0
-20352.0
-28521.0
-31918.0
-19217.0
-25775.0
-34727.0
-50676.0
-28458.0
-28882.0
-24004.0
-26250.0
-28501.0
-31945.0
-39573.0
-35662.0
-28012.0
-30393.0
-39733.0
-37896.0
-35189.0
-28845.0
-28037.0
-33310.0
-33256.0
-40893.0
-39864.0
-25231.0
-36696.0
-38149.0
-17502.0
-27067.0
-23970.0
-36359.0
-31510.0
-28510.0
-27865.0
-36409.0
-33914.0
-19979.0
-24472.0
-26488.0
-28058.0
-23617.0
-33384.0
-23008.0
-27288.0
-27249.0
-37112.0
-29139.0
-24616.0
-33795.0
-28395.0
-23414.0
-20529.0
-65342.0
-23007.0
-31173.0
-24419.0
-37740.0
-25109.0
-22304.0
-34945.0
-31312.0
-26996.0
-26478.0
-23825.0
-51464.0
-24176.0
-32823.0
-29254.0
-25640.0
-23762.0
-21461.0
-41206.0
-28715.0
-29266.0
-33357.0
-27076.0
-25337.0
-61782.0
-38048.0
