8.296481481481482
10.869074074074074
8.762962962962963
6.252407407407407
6.946296296296296
7.513333333333334
8.469444444444445
7.084074074074074
8.371851851851853
9.651111111111112
8.081111111111111
6.615555555555556
7.757592592592593
7.289259259259259
7.510925925925926
8.078518518518518
9.771296296296295
6.571851851851852
6.6322222222222225
6.0687037037037035
7.742592592592593
8.440555555555555
6.016111111111111
7.014444444444444
8.904259259259259
13.190185185185186
7.684814814814815
7.754814814814814
6.682222222222222
7.1846296296296295
7.729629629629629
8.324814814814815
10.42925925925926
9.383703703703704
7.893148148148148
8.785370370370371
10.244074074074074
9.418148148148148
9.493703703703703
8.632407407407408
7.847962962962963
8.482592592592592
8.753148148148147
10.132962962962964
10.535185185185185
6.868703703703703
9.584814814814814
9.943333333333333
5.442407407407408
7.4275925925925925
6.920555555555556
9.257407407407408
8.158703703703704
7.894259259259259
8.366111111111111
9.393518518518519
9.43537037037037
6.13
6.775555555555556
7.498518518518519
8.254814814814814
6.580925925925926
8.632592592592593
6.32037037037037
7.369259259259259
7.3496296296296295
9.429814814814815
7.676296296296297
6.7011111111111115
8.951851851851853
7.484814814814815
6.791666666666667
5.956111111111111
15.82037037037037
6.471851851851852
8.207407407407407
6.9437037037037035
9.476851851851851
6.840185185185185
6.285925925925926
9.351296296296296
8.088888888888889
7.482592592592592
7.317407407407408
6.597037037037037
14.507962962962964
7.023518518518519
8.915925925925926
7.903333333333333
7.092777777777778
6.655185185185185
6.161481481481482
10.106666666666667
7.893148148148148
7.682037037037037
8.833703703703703
7.677962962962963
7.145370370370371
16.06277777777778
9.959074074074074
