44801
58693
47320
33763
37510
40572
45735
38254
45208
52116
43638
35724
41891
39362
40559
43624
52765
35488
35814
32771
41810
45579
32487
37878
48083
71227
41498
41876
36084
38797
41740
44954
56318
50672
42623
47441
55318
50858
51266
46615
42379
45806
47267
54718
56890
37091
51758
53694
29389
40109
37371
49990
44057
42629
45177
50725
50951
33102
36588
40492
44576
35537
46616
34130
39794
39688
50921
41452
36186
48340
40418
36675
32163
85430
34948
44320
37496
51175
36937
33944
50497
43680
40406
39514
35624
78343
37927
48146
42678
38301
35938
33272
54576
42623
41483
47702
41461
38585
86739
53779
