5.492222222222222
5.381296296296297
13.977222222222222
5.71537037037037
7.763888888888889
5.745555555555556
7.991851851851852
6.662962962962963
7.060555555555555
7.510555555555555
5.32462962962963
8.205370370370371
5.427962962962963
5.385555555555555
5.122222222222222
5.797037037037037
5.0596296296296295
5.123333333333333
4.502407407407407
5.400740740740741
4.773148148148148
4.5183333333333335
6.403888888888889
4.940555555555555
4.010370370370371
4.389814814814815
4.607407407407408
4.1685185185185185
3.9562962962962964
4.473518518518518
4.189629629629629
4.403518518518519
4.2588888888888885
4.025555555555556
3.9603703703703705
4.125
4.659074074074074
3.5674074074074076
3.7042592592592594
4.33037037037037
3.8827777777777777
4.003703703703704
3.9646296296296297
3.6107407407407406
3.4029629629629627
3.9520370370370372
3.352962962962963
3.140185185185185
3.351111111111111
3.352962962962963
3.104814814814815
3.147962962962963
3.4766666666666666
3.448703703703704
3.405925925925926
3.285740740740741
3.312037037037037
3.0596296296296295
3.2309259259259258
3.1553703703703704
3.2185185185185183
3.060925925925926
3.029259259259259
2.9435185185185184
3.6233333333333335
2.785
2.840925925925926
2.7605555555555554
2.8024074074074075
2.7964814814814813
3.05
2.6327777777777777
2.6112962962962962
2.990925925925926
2.454814814814815
2.560925925925926
2.487962962962963
2.566851851851852
2.4816666666666665
2.593888888888889
2.831111111111111
2.3487037037037037
2.3666666666666667
2.4718518518518517
2.388888888888889
2.580925925925926
2.749814814814815
2.6935185185185184
2.6096296296296297
2.4825925925925927
2.4335185185185186
2.5314814814814817
2.307962962962963
2.5383333333333336
2.3362962962962963
2.2201851851851853
2.4714814814814816
2.4964814814814815
2.621111111111111
2.1812962962962965
2.3577777777777778
2.5346296296296296
2.0746296296296296
2.263888888888889
2.20537037037037
2.3537037037037036
2.2037037037037037
2.240925925925926
2.222777777777778
2.272407407407407
2.3575925925925927
2.322037037037037
1.953148148148148
2.1633333333333336
2.4275925925925925
2.286111111111111
2.053703703703704
2.093888888888889
1.9207407407407406
2.084814814814815
2.1746296296296297
1.905185185185185
2.020185185185185
2.030925925925926
2.1422222222222222
2.382037037037037
1.9725925925925927
2.0857407407407407
2.440185185185185
2.0514814814814817
2.175925925925926
2.2733333333333334
1.9964814814814815
1.941851851851852
2.0374074074074073
2.0477777777777777
1.9835185185185185
1.9187037037037038
2.028703703703704
1.9877777777777779
2.051296296296296
2.1983333333333333
1.9883333333333333
1.9566666666666668
2.0175925925925924
2.1355555555555554
2.094074074074074
2.0725925925925925
1.9357407407407408
1.9944444444444445
2.10037037037037
1.973148148148148
1.9824074074074074
2.0305555555555554
1.9596296296296296
1.961851851851852
2.0785185185185187
2.055740740740741
1.9172222222222222
1.9474074074074075
2.1012962962962964
2.012037037037037
2.0524074074074075
1.9187037037037038
1.902037037037037
1.9668518518518519
2.0175925925925924
2.0433333333333334
1.9792592592592593
2.0003703703703706
1.785925925925926
2.088888888888889
2.053703703703704
2.252037037037037
2.027037037037037
1.8722222222222222
2.1303703703703705
2.382037037037037
2.0303703703703704
1.9768518518518519
2.252222222222222
2.1785185185185183
1.9538888888888888
2.1661111111111113
2.0394444444444444
1.9179629629629629
1.974074074074074
1.8751851851851853
1.9461111111111111
2.025
2.1822222222222223
2.102037037037037
1.9931481481481481
1.8385185185185184
2.0011111111111113
2.032962962962963
2.107037037037037
2.201111111111111
1.9575925925925926
1.7838888888888889
