29658
29059
75477
30863
41925
31026
43156
35980
38127
40557
28753
44309
29311
29082
27660
31304
27322
27666
24313
29164
25775
24399
34581
26679
21656
23705
24880
22510
21364
24157
22624
23779
22998
21738
21386
22275
25159
19264
20003
23384
20967
21620
21409
19498
18376
21341
18106
16957
18096
18106
16766
16999
18774
18623
18392
17743
17885
16522
17447
17039
17380
16529
16358
15895
19566
15039
15341
14907
15133
15101
16470
14217
14101
16151
13256
13829
13435
13861
13401
14007
15288
12683
12780
13348
12900
13937
14849
14545
14092
13406
13141
13670
12463
13707
12616
11989
13346
13481
14154
11779
12732
13687
11203
12225
11909
12710
11900
12101
12003
12271
12731
12539
10547
11682
13109
12345
11090
11307
10372
11258
11743
10288
10909
10967
11568
12863
10652
11263
13177
11078
11750
12276
10781
10486
11002
11058
10711
10361
10955
10734
11077
11871
10737
10566
10895
11532
11308
11192
10453
10770
11342
10655
10705
10965
10582
10594
11224
11101
10353
10516
11347
10865
11083
10361
10271
10621
10895
11034
10688
10802
9644
11280
11090
12161
10946
10110
11504
12863
10964
10675
12162
11764
10551
11697
11013
10357
10660
10126
10509
10935
11784
11351
10763
9928
10806
10978
11378
11886
10571
9633
