-18291.0
-17946.0
-53446.0
-19332.0
-28754.0
-21235.0
-30074.0
-24100.0
-25637.0
-27490.0
-18425.0
-31574.0
-18992.0
-17796.0
-16410.0
-19538.0
-16704.0
-17123.0
-14084.0
-18101.0
-15052.0
-13979.0
-20183.0
-15542.0
-11950.0
-13624.0
-15473.0
-12887.0
-11316.0
-13343.0
-13203.0
-13692.0
-13414.0
-11842.0
-11500.0
-11243.0
-13578.0
-10053.0
-11041.0
-11101.0
-10702.0
-11345.0
-11310.0
-10241.0
-9523.0
-10862.0
-8320.0
-7746.0
-8947.0
-9113.0
-7654.0
-7703.0
-9295.0
-8552.0
-7211.0
-8505.0
-7013.0
-7404.0
-8000.0
-7655.0
-7320.0
-7232.0
-7551.0
-7107.0
-9667.0
-6034.0
-6443.0
-6228.0
-6275.0
-6163.0
-7536.0
-5798.0
-5446.0
-6959.0
-4989.0
-5317.0
-5131.0
-5214.0
-5303.0
-5680.0
-5497.0
-5353.0
-5005.0
-5006.0
-4579.0
-4406.0
-4619.0
-5973.0
-4881.0
-5030.0
-4895.0
-5197.0
-4474.0
-4762.0
-4543.0
-4464.0
-5161.0
-4679.0
-4479.0
-4598.0
-4392.0
-4292.0
-3747.0
-4179.0
-3848.0
-3763.0
-3995.0
-3656.0
-3821.0
-3589.0
-4468.0
-4245.0
-3574.0
-3522.0
-3571.0
-3836.0
-3577.0
-3885.0
-3323.0
-3568.0
-3873.0
-3246.0
-3378.0
-3404.0
-3975.0
-4425.0
-3043.0
-3232.0
-4055.0
-3167.0
-3873.0
-3554.0
-3760.0
-3209.0
-3533.0
-3577.0
-3226.0
-3396.0
-3394.0
-3262.0
-3159.0
-3631.0
-3143.0
-3426.0
-3191.0
-3594.0
-3768.0
-3874.0
-3343.0
-3180.0
-3681.0
-3321.0
-3135.0
-3412.0
-3312.0
-3358.0
-3723.0
-3357.0
-3282.0
-3263.0
-2982.0
-3467.0
-3485.0
-3295.0
-2918.0
-3652.0
-3437.0
-3328.0
-3356.0
-3321.0
-3102.0
-3322.0
-3070.0
-3798.0
-3472.0
-2809.0
-3691.0
-3503.0
-2806.0
-3316.0
-3081.0
-2840.0
-3178.0
-3494.0
-3507.0
-2976.0
-2930.0
-3113.0
-3215.0
-3301.0
-3956.0
-3620.0
-3458.0
-2697.0
-3287.0
-3256.0
-3966.0
-2918.0
-2981.0
-3081.0
